0.020833 0.020833 -0.020833 -0.020833 0.020833 0.020833 -0.020833 -0.020833 0.020833 0.020833 -0.020833 -0.020833 0.020833 0.020833 -0.020833 -0.020833 0.020833 0.020833 -0.020833 -0.020833 0.020833 0.020833 -0.020833 -0.020833 -0.020833 -0.020833 0.020833 0.020833 -0.020833 -0.020833 0.020833 0.020833 -0.020833 -0.020833 0.020833 0.020833 -0.020833 -0.020833 0.020833 0.020833 -0.020833 -0.020833 0.020833 0.020833 -0.020833 -0.020833 0.020833 0.020833 
0.020833 0.020833 -0.020833 -0.020833 0.020833 0.020833 -0.020833 -0.020833 0.020833 0.020833 -0.020833 -0.020833 0.020833 0.020833 -0.020833 -0.020833 0.020833 0.020833 -0.020833 -0.020833 0.020833 0.020833 -0.020833 -0.020833 -0.020833 -0.020833 0.020833 0.020833 -0.020833 -0.020833 0.020833 0.020833 -0.020833 -0.020833 0.020833 0.020833 -0.020833 -0.020833 0.020833 0.020833 -0.020833 -0.020833 0.020833 0.020833 -0.020833 -0.020833 0.020833 0.020833 
-0.020833 -0.020833 0.020833 0.020833 -0.020833 -0.020833 0.020833 0.020833 -0.020833 -0.020833 0.020833 0.020833 -0.020833 -0.020833 0.020833 0.020833 -0.020833 -0.020833 0.020833 0.020833 -0.020833 -0.020833 0.020833 0.020833 0.020833 0.020833 -0.020833 -0.020833 0.020833 0.020833 -0.020833 -0.020833 0.020833 0.020833 -0.020833 -0.020833 0.020833 0.020833 -0.020833 -0.020833 0.020833 0.020833 -0.020833 -0.020833 0.020833 0.020833 -0.020833 -0.020833 
-0.020833 -0.020833 0.020833 0.020833 -0.020833 -0.020833 0.020833 0.020833 -0.020833 -0.020833 0.020833 0.020833 -0.020833 -0.020833 0.020833 0.020833 -0.020833 -0.020833 0.020833 0.020833 -0.020833 -0.020833 0.020833 0.020833 0.020833 0.020833 -0.020833 -0.020833 0.020833 0.020833 -0.020833 -0.020833 0.020833 0.020833 -0.020833 -0.020833 0.020833 0.020833 -0.020833 -0.020833 0.020833 0.020833 -0.020833 -0.020833 0.020833 0.020833 -0.020833 -0.020833 
0.020833 0.020833 -0.020833 -0.020833 0.020833 0.020833 -0.020833 -0.020833 0.020833 0.020833 -0.020833 -0.020833 0.020833 0.020833 -0.020833 -0.020833 0.020833 0.020833 -0.020833 -0.020833 0.020833 0.020833 -0.020833 -0.020833 -0.020833 -0.020833 0.020833 0.020833 -0.020833 -0.020833 0.020833 0.020833 -0.020833 -0.020833 0.020833 0.020833 -0.020833 -0.020833 0.020833 0.020833 -0.020833 -0.020833 0.020833 0.020833 -0.020833 -0.020833 0.020833 0.020833 
0.020833 0.020833 -0.020833 -0.020833 0.020833 0.020833 -0.020833 -0.020833 0.020833 0.020833 -0.020833 -0.020833 0.020833 0.020833 -0.020833 -0.020833 0.020833 0.020833 -0.020833 -0.020833 0.020833 0.020833 -0.020833 -0.020833 -0.020833 -0.020833 0.020833 0.020833 -0.020833 -0.020833 0.020833 0.020833 -0.020833 -0.020833 0.020833 0.020833 -0.020833 -0.020833 0.020833 0.020833 -0.020833 -0.020833 0.020833 0.020833 -0.020833 -0.020833 0.020833 0.020833 
-0.020833 -0.020833 0.020833 0.020833 -0.020833 -0.020833 0.020833 0.020833 -0.020833 -0.020833 0.020833 0.020833 -0.020833 -0.020833 0.020833 0.020833 -0.020833 -0.020833 0.020833 0.020833 -0.020833 -0.020833 0.020833 0.020833 0.020833 0.020833 -0.020833 -0.020833 0.020833 0.020833 -0.020833 -0.020833 0.020833 0.020833 -0.020833 -0.020833 0.020833 0.020833 -0.020833 -0.020833 0.020833 0.020833 -0.020833 -0.020833 0.020833 0.020833 -0.020833 -0.020833 
-0.020833 -0.020833 0.020833 0.020833 -0.020833 -0.020833 0.020833 0.020833 -0.020833 -0.020833 0.020833 0.020833 -0.020833 -0.020833 0.020833 0.020833 -0.020833 -0.020833 0.020833 0.020833 -0.020833 -0.020833 0.020833 0.020833 0.020833 0.020833 -0.020833 -0.020833 0.020833 0.020833 -0.020833 -0.020833 0.020833 0.020833 -0.020833 -0.020833 0.020833 0.020833 -0.020833 -0.020833 0.020833 0.020833 -0.020833 -0.020833 0.020833 0.020833 -0.020833 -0.020833 
0.020833 0.020833 -0.020833 -0.020833 0.020833 0.020833 -0.020833 -0.020833 0.020833 0.020833 -0.020833 -0.020833 0.020833 0.020833 -0.020833 -0.020833 0.020833 0.020833 -0.020833 -0.020833 0.020833 0.020833 -0.020833 -0.020833 -0.020833 -0.020833 0.020833 0.020833 -0.020833 -0.020833 0.020833 0.020833 -0.020833 -0.020833 0.020833 0.020833 -0.020833 -0.020833 0.020833 0.020833 -0.020833 -0.020833 0.020833 0.020833 -0.020833 -0.020833 0.020833 0.020833 
0.020833 0.020833 -0.020833 -0.020833 0.020833 0.020833 -0.020833 -0.020833 0.020833 0.020833 -0.020833 -0.020833 0.020833 0.020833 -0.020833 -0.020833 0.020833 0.020833 -0.020833 -0.020833 0.020833 0.020833 -0.020833 -0.020833 -0.020833 -0.020833 0.020833 0.020833 -0.020833 -0.020833 0.020833 0.020833 -0.020833 -0.020833 0.020833 0.020833 -0.020833 -0.020833 0.020833 0.020833 -0.020833 -0.020833 0.020833 0.020833 -0.020833 -0.020833 0.020833 0.020833 
-0.020833 -0.020833 0.020833 0.020833 -0.020833 -0.020833 0.020833 0.020833 -0.020833 -0.020833 0.020833 0.020833 -0.020833 -0.020833 0.020833 0.020833 -0.020833 -0.020833 0.020833 0.020833 -0.020833 -0.020833 0.020833 0.020833 0.020833 0.020833 -0.020833 -0.020833 0.020833 0.020833 -0.020833 -0.020833 0.020833 0.020833 -0.020833 -0.020833 0.020833 0.020833 -0.020833 -0.020833 0.020833 0.020833 -0.020833 -0.020833 0.020833 0.020833 -0.020833 -0.020833 
-0.020833 -0.020833 0.020833 0.020833 -0.020833 -0.020833 0.020833 0.020833 -0.020833 -0.020833 0.020833 0.020833 -0.020833 -0.020833 0.020833 0.020833 -0.020833 -0.020833 0.020833 0.020833 -0.020833 -0.020833 0.020833 0.020833 0.020833 0.020833 -0.020833 -0.020833 0.020833 0.020833 -0.020833 -0.020833 0.020833 0.020833 -0.020833 -0.020833 0.020833 0.020833 -0.020833 -0.020833 0.020833 0.020833 -0.020833 -0.020833 0.020833 0.020833 -0.020833 -0.020833 
0.020833 0.020833 -0.020833 -0.020833 0.020833 0.020833 -0.020833 -0.020833 0.020833 0.020833 -0.020833 -0.020833 0.020833 0.020833 -0.020833 -0.020833 0.020833 0.020833 -0.020833 -0.020833 0.020833 0.020833 -0.020833 -0.020833 -0.020833 -0.020833 0.020833 0.020833 -0.020833 -0.020833 0.020833 0.020833 -0.020833 -0.020833 0.020833 0.020833 -0.020833 -0.020833 0.020833 0.020833 -0.020833 -0.020833 0.020833 0.020833 -0.020833 -0.020833 0.020833 0.020833 
0.020833 0.020833 -0.020833 -0.020833 0.020833 0.020833 -0.020833 -0.020833 0.020833 0.020833 -0.020833 -0.020833 0.020833 0.020833 -0.020833 -0.020833 0.020833 0.020833 -0.020833 -0.020833 0.020833 0.020833 -0.020833 -0.020833 -0.020833 -0.020833 0.020833 0.020833 -0.020833 -0.020833 0.020833 0.020833 -0.020833 -0.020833 0.020833 0.020833 -0.020833 -0.020833 0.020833 0.020833 -0.020833 -0.020833 0.020833 0.020833 -0.020833 -0.020833 0.020833 0.020833 
-0.020833 -0.020833 0.020833 0.020833 -0.020833 -0.020833 0.020833 0.020833 -0.020833 -0.020833 0.020833 0.020833 -0.020833 -0.020833 0.020833 0.020833 -0.020833 -0.020833 0.020833 0.020833 -0.020833 -0.020833 0.020833 0.020833 0.020833 0.020833 -0.020833 -0.020833 0.020833 0.020833 -0.020833 -0.020833 0.020833 0.020833 -0.020833 -0.020833 0.020833 0.020833 -0.020833 -0.020833 0.020833 0.020833 -0.020833 -0.020833 0.020833 0.020833 -0.020833 -0.020833 
-0.020833 -0.020833 0.020833 0.020833 -0.020833 -0.020833 0.020833 0.020833 -0.020833 -0.020833 0.020833 0.020833 -0.020833 -0.020833 0.020833 0.020833 -0.020833 -0.020833 0.020833 0.020833 -0.020833 -0.020833 0.020833 0.020833 0.020833 0.020833 -0.020833 -0.020833 0.020833 0.020833 -0.020833 -0.020833 0.020833 0.020833 -0.020833 -0.020833 0.020833 0.020833 -0.020833 -0.020833 0.020833 0.020833 -0.020833 -0.020833 0.020833 0.020833 -0.020833 -0.020833 
0.020833 0.020833 -0.020833 -0.020833 0.020833 0.020833 -0.020833 -0.020833 0.020833 0.020833 -0.020833 -0.020833 0.020833 0.020833 -0.020833 -0.020833 0.020833 0.020833 -0.020833 -0.020833 0.020833 0.020833 -0.020833 -0.020833 -0.020833 -0.020833 0.020833 0.020833 -0.020833 -0.020833 0.020833 0.020833 -0.020833 -0.020833 0.020833 0.020833 -0.020833 -0.020833 0.020833 0.020833 -0.020833 -0.020833 0.020833 0.020833 -0.020833 -0.020833 0.020833 0.020833 
0.020833 0.020833 -0.020833 -0.020833 0.020833 0.020833 -0.020833 -0.020833 0.020833 0.020833 -0.020833 -0.020833 0.020833 0.020833 -0.020833 -0.020833 0.020833 0.020833 -0.020833 -0.020833 0.020833 0.020833 -0.020833 -0.020833 -0.020833 -0.020833 0.020833 0.020833 -0.020833 -0.020833 0.020833 0.020833 -0.020833 -0.020833 0.020833 0.020833 -0.020833 -0.020833 0.020833 0.020833 -0.020833 -0.020833 0.020833 0.020833 -0.020833 -0.020833 0.020833 0.020833 
-0.020833 -0.020833 0.020833 0.020833 -0.020833 -0.020833 0.020833 0.020833 -0.020833 -0.020833 0.020833 0.020833 -0.020833 -0.020833 0.020833 0.020833 -0.020833 -0.020833 0.020833 0.020833 -0.020833 -0.020833 0.020833 0.020833 0.020833 0.020833 -0.020833 -0.020833 0.020833 0.020833 -0.020833 -0.020833 0.020833 0.020833 -0.020833 -0.020833 0.020833 0.020833 -0.020833 -0.020833 0.020833 0.020833 -0.020833 -0.020833 0.020833 0.020833 -0.020833 -0.020833 
-0.020833 -0.020833 0.020833 0.020833 -0.020833 -0.020833 0.020833 0.020833 -0.020833 -0.020833 0.020833 0.020833 -0.020833 -0.020833 0.020833 0.020833 -0.020833 -0.020833 0.020833 0.020833 -0.020833 -0.020833 0.020833 0.020833 0.020833 0.020833 -0.020833 -0.020833 0.020833 0.020833 -0.020833 -0.020833 0.020833 0.020833 -0.020833 -0.020833 0.020833 0.020833 -0.020833 -0.020833 0.020833 0.020833 -0.020833 -0.020833 0.020833 0.020833 -0.020833 -0.020833 
0.020833 0.020833 -0.020833 -0.020833 0.020833 0.020833 -0.020833 -0.020833 0.020833 0.020833 -0.020833 -0.020833 0.020833 0.020833 -0.020833 -0.020833 0.020833 0.020833 -0.020833 -0.020833 0.020833 0.020833 -0.020833 -0.020833 -0.020833 -0.020833 0.020833 0.020833 -0.020833 -0.020833 0.020833 0.020833 -0.020833 -0.020833 0.020833 0.020833 -0.020833 -0.020833 0.020833 0.020833 -0.020833 -0.020833 0.020833 0.020833 -0.020833 -0.020833 0.020833 0.020833 
0.020833 0.020833 -0.020833 -0.020833 0.020833 0.020833 -0.020833 -0.020833 0.020833 0.020833 -0.020833 -0.020833 0.020833 0.020833 -0.020833 -0.020833 0.020833 0.020833 -0.020833 -0.020833 0.020833 0.020833 -0.020833 -0.020833 -0.020833 -0.020833 0.020833 0.020833 -0.020833 -0.020833 0.020833 0.020833 -0.020833 -0.020833 0.020833 0.020833 -0.020833 -0.020833 0.020833 0.020833 -0.020833 -0.020833 0.020833 0.020833 -0.020833 -0.020833 0.020833 0.020833 
-0.020833 -0.020833 0.020833 0.020833 -0.020833 -0.020833 0.020833 0.020833 -0.020833 -0.020833 0.020833 0.020833 -0.020833 -0.020833 0.020833 0.020833 -0.020833 -0.020833 0.020833 0.020833 -0.020833 -0.020833 0.020833 0.020833 0.020833 0.020833 -0.020833 -0.020833 0.020833 0.020833 -0.020833 -0.020833 0.020833 0.020833 -0.020833 -0.020833 0.020833 0.020833 -0.020833 -0.020833 0.020833 0.020833 -0.020833 -0.020833 0.020833 0.020833 -0.020833 -0.020833 
-0.020833 -0.020833 0.020833 0.020833 -0.020833 -0.020833 0.020833 0.020833 -0.020833 -0.020833 0.020833 0.020833 -0.020833 -0.020833 0.020833 0.020833 -0.020833 -0.020833 0.020833 0.020833 -0.020833 -0.020833 0.020833 0.020833 0.020833 0.020833 -0.020833 -0.020833 0.020833 0.020833 -0.020833 -0.020833 0.020833 0.020833 -0.020833 -0.020833 0.020833 0.020833 -0.020833 -0.020833 0.020833 0.020833 -0.020833 -0.020833 0.020833 0.020833 -0.020833 -0.020833 
-0.020833 -0.020833 0.020833 0.020833 -0.020833 -0.020833 0.020833 0.020833 -0.020833 -0.020833 0.020833 0.020833 -0.020833 -0.020833 0.020833 0.020833 -0.020833 -0.020833 0.020833 0.020833 -0.020833 -0.020833 0.020833 0.020833 0.020833 0.020833 -0.020833 -0.020833 0.020833 0.020833 -0.020833 -0.020833 0.020833 0.020833 -0.020833 -0.020833 0.020833 0.020833 -0.020833 -0.020833 0.020833 0.020833 -0.020833 -0.020833 0.020833 0.020833 -0.020833 -0.020833 
-0.020833 -0.020833 0.020833 0.020833 -0.020833 -0.020833 0.020833 0.020833 -0.020833 -0.020833 0.020833 0.020833 -0.020833 -0.020833 0.020833 0.020833 -0.020833 -0.020833 0.020833 0.020833 -0.020833 -0.020833 0.020833 0.020833 0.020833 0.020833 -0.020833 -0.020833 0.020833 0.020833 -0.020833 -0.020833 0.020833 0.020833 -0.020833 -0.020833 0.020833 0.020833 -0.020833 -0.020833 0.020833 0.020833 -0.020833 -0.020833 0.020833 0.020833 -0.020833 -0.020833 
0.020833 0.020833 -0.020833 -0.020833 0.020833 0.020833 -0.020833 -0.020833 0.020833 0.020833 -0.020833 -0.020833 0.020833 0.020833 -0.020833 -0.020833 0.020833 0.020833 -0.020833 -0.020833 0.020833 0.020833 -0.020833 -0.020833 -0.020833 -0.020833 0.020833 0.020833 -0.020833 -0.020833 0.020833 0.020833 -0.020833 -0.020833 0.020833 0.020833 -0.020833 -0.020833 0.020833 0.020833 -0.020833 -0.020833 0.020833 0.020833 -0.020833 -0.020833 0.020833 0.020833 
0.020833 0.020833 -0.020833 -0.020833 0.020833 0.020833 -0.020833 -0.020833 0.020833 0.020833 -0.020833 -0.020833 0.020833 0.020833 -0.020833 -0.020833 0.020833 0.020833 -0.020833 -0.020833 0.020833 0.020833 -0.020833 -0.020833 -0.020833 -0.020833 0.020833 0.020833 -0.020833 -0.020833 0.020833 0.020833 -0.020833 -0.020833 0.020833 0.020833 -0.020833 -0.020833 0.020833 0.020833 -0.020833 -0.020833 0.020833 0.020833 -0.020833 -0.020833 0.020833 0.020833 
-0.020833 -0.020833 0.020833 0.020833 -0.020833 -0.020833 0.020833 0.020833 -0.020833 -0.020833 0.020833 0.020833 -0.020833 -0.020833 0.020833 0.020833 -0.020833 -0.020833 0.020833 0.020833 -0.020833 -0.020833 0.020833 0.020833 0.020833 0.020833 -0.020833 -0.020833 0.020833 0.020833 -0.020833 -0.020833 0.020833 0.020833 -0.020833 -0.020833 0.020833 0.020833 -0.020833 -0.020833 0.020833 0.020833 -0.020833 -0.020833 0.020833 0.020833 -0.020833 -0.020833 
-0.020833 -0.020833 0.020833 0.020833 -0.020833 -0.020833 0.020833 0.020833 -0.020833 -0.020833 0.020833 0.020833 -0.020833 -0.020833 0.020833 0.020833 -0.020833 -0.020833 0.020833 0.020833 -0.020833 -0.020833 0.020833 0.020833 0.020833 0.020833 -0.020833 -0.020833 0.020833 0.020833 -0.020833 -0.020833 0.020833 0.020833 -0.020833 -0.020833 0.020833 0.020833 -0.020833 -0.020833 0.020833 0.020833 -0.020833 -0.020833 0.020833 0.020833 -0.020833 -0.020833 
0.020833 0.020833 -0.020833 -0.020833 0.020833 0.020833 -0.020833 -0.020833 0.020833 0.020833 -0.020833 -0.020833 0.020833 0.020833 -0.020833 -0.020833 0.020833 0.020833 -0.020833 -0.020833 0.020833 0.020833 -0.020833 -0.020833 -0.020833 -0.020833 0.020833 0.020833 -0.020833 -0.020833 0.020833 0.020833 -0.020833 -0.020833 0.020833 0.020833 -0.020833 -0.020833 0.020833 0.020833 -0.020833 -0.020833 0.020833 0.020833 -0.020833 -0.020833 0.020833 0.020833 
0.020833 0.020833 -0.020833 -0.020833 0.020833 0.020833 -0.020833 -0.020833 0.020833 0.020833 -0.020833 -0.020833 0.020833 0.020833 -0.020833 -0.020833 0.020833 0.020833 -0.020833 -0.020833 0.020833 0.020833 -0.020833 -0.020833 -0.020833 -0.020833 0.020833 0.020833 -0.020833 -0.020833 0.020833 0.020833 -0.020833 -0.020833 0.020833 0.020833 -0.020833 -0.020833 0.020833 0.020833 -0.020833 -0.020833 0.020833 0.020833 -0.020833 -0.020833 0.020833 0.020833 
-0.020833 -0.020833 0.020833 0.020833 -0.020833 -0.020833 0.020833 0.020833 -0.020833 -0.020833 0.020833 0.020833 -0.020833 -0.020833 0.020833 0.020833 -0.020833 -0.020833 0.020833 0.020833 -0.020833 -0.020833 0.020833 0.020833 0.020833 0.020833 -0.020833 -0.020833 0.020833 0.020833 -0.020833 -0.020833 0.020833 0.020833 -0.020833 -0.020833 0.020833 0.020833 -0.020833 -0.020833 0.020833 0.020833 -0.020833 -0.020833 0.020833 0.020833 -0.020833 -0.020833 
-0.020833 -0.020833 0.020833 0.020833 -0.020833 -0.020833 0.020833 0.020833 -0.020833 -0.020833 0.020833 0.020833 -0.020833 -0.020833 0.020833 0.020833 -0.020833 -0.020833 0.020833 0.020833 -0.020833 -0.020833 0.020833 0.020833 0.020833 0.020833 -0.020833 -0.020833 0.020833 0.020833 -0.020833 -0.020833 0.020833 0.020833 -0.020833 -0.020833 0.020833 0.020833 -0.020833 -0.020833 0.020833 0.020833 -0.020833 -0.020833 0.020833 0.020833 -0.020833 -0.020833 
0.020833 0.020833 -0.020833 -0.020833 0.020833 0.020833 -0.020833 -0.020833 0.020833 0.020833 -0.020833 -0.020833 0.020833 0.020833 -0.020833 -0.020833 0.020833 0.020833 -0.020833 -0.020833 0.020833 0.020833 -0.020833 -0.020833 -0.020833 -0.020833 0.020833 0.020833 -0.020833 -0.020833 0.020833 0.020833 -0.020833 -0.020833 0.020833 0.020833 -0.020833 -0.020833 0.020833 0.020833 -0.020833 -0.020833 0.020833 0.020833 -0.020833 -0.020833 0.020833 0.020833 
0.020833 0.020833 -0.020833 -0.020833 0.020833 0.020833 -0.020833 -0.020833 0.020833 0.020833 -0.020833 -0.020833 0.020833 0.020833 -0.020833 -0.020833 0.020833 0.020833 -0.020833 -0.020833 0.020833 0.020833 -0.020833 -0.020833 -0.020833 -0.020833 0.020833 0.020833 -0.020833 -0.020833 0.020833 0.020833 -0.020833 -0.020833 0.020833 0.020833 -0.020833 -0.020833 0.020833 0.020833 -0.020833 -0.020833 0.020833 0.020833 -0.020833 -0.020833 0.020833 0.020833 
-0.020833 -0.020833 0.020833 0.020833 -0.020833 -0.020833 0.020833 0.020833 -0.020833 -0.020833 0.020833 0.020833 -0.020833 -0.020833 0.020833 0.020833 -0.020833 -0.020833 0.020833 0.020833 -0.020833 -0.020833 0.020833 0.020833 0.020833 0.020833 -0.020833 -0.020833 0.020833 0.020833 -0.020833 -0.020833 0.020833 0.020833 -0.020833 -0.020833 0.020833 0.020833 -0.020833 -0.020833 0.020833 0.020833 -0.020833 -0.020833 0.020833 0.020833 -0.020833 -0.020833 
-0.020833 -0.020833 0.020833 0.020833 -0.020833 -0.020833 0.020833 0.020833 -0.020833 -0.020833 0.020833 0.020833 -0.020833 -0.020833 0.020833 0.020833 -0.020833 -0.020833 0.020833 0.020833 -0.020833 -0.020833 0.020833 0.020833 0.020833 0.020833 -0.020833 -0.020833 0.020833 0.020833 -0.020833 -0.020833 0.020833 0.020833 -0.020833 -0.020833 0.020833 0.020833 -0.020833 -0.020833 0.020833 0.020833 -0.020833 -0.020833 0.020833 0.020833 -0.020833 -0.020833 
0.020833 0.020833 -0.020833 -0.020833 0.020833 0.020833 -0.020833 -0.020833 0.020833 0.020833 -0.020833 -0.020833 0.020833 0.020833 -0.020833 -0.020833 0.020833 0.020833 -0.020833 -0.020833 0.020833 0.020833 -0.020833 -0.020833 -0.020833 -0.020833 0.020833 0.020833 -0.020833 -0.020833 0.020833 0.020833 -0.020833 -0.020833 0.020833 0.020833 -0.020833 -0.020833 0.020833 0.020833 -0.020833 -0.020833 0.020833 0.020833 -0.020833 -0.020833 0.020833 0.020833 
0.020833 0.020833 -0.020833 -0.020833 0.020833 0.020833 -0.020833 -0.020833 0.020833 0.020833 -0.020833 -0.020833 0.020833 0.020833 -0.020833 -0.020833 0.020833 0.020833 -0.020833 -0.020833 0.020833 0.020833 -0.020833 -0.020833 -0.020833 -0.020833 0.020833 0.020833 -0.020833 -0.020833 0.020833 0.020833 -0.020833 -0.020833 0.020833 0.020833 -0.020833 -0.020833 0.020833 0.020833 -0.020833 -0.020833 0.020833 0.020833 -0.020833 -0.020833 0.020833 0.020833 
-0.020833 -0.020833 0.020833 0.020833 -0.020833 -0.020833 0.020833 0.020833 -0.020833 -0.020833 0.020833 0.020833 -0.020833 -0.020833 0.020833 0.020833 -0.020833 -0.020833 0.020833 0.020833 -0.020833 -0.020833 0.020833 0.020833 0.020833 0.020833 -0.020833 -0.020833 0.020833 0.020833 -0.020833 -0.020833 0.020833 0.020833 -0.020833 -0.020833 0.020833 0.020833 -0.020833 -0.020833 0.020833 0.020833 -0.020833 -0.020833 0.020833 0.020833 -0.020833 -0.020833 
-0.020833 -0.020833 0.020833 0.020833 -0.020833 -0.020833 0.020833 0.020833 -0.020833 -0.020833 0.020833 0.020833 -0.020833 -0.020833 0.020833 0.020833 -0.020833 -0.020833 0.020833 0.020833 -0.020833 -0.020833 0.020833 0.020833 0.020833 0.020833 -0.020833 -0.020833 0.020833 0.020833 -0.020833 -0.020833 0.020833 0.020833 -0.020833 -0.020833 0.020833 0.020833 -0.020833 -0.020833 0.020833 0.020833 -0.020833 -0.020833 0.020833 0.020833 -0.020833 -0.020833 
0.020833 0.020833 -0.020833 -0.020833 0.020833 0.020833 -0.020833 -0.020833 0.020833 0.020833 -0.020833 -0.020833 0.020833 0.020833 -0.020833 -0.020833 0.020833 0.020833 -0.020833 -0.020833 0.020833 0.020833 -0.020833 -0.020833 -0.020833 -0.020833 0.020833 0.020833 -0.020833 -0.020833 0.020833 0.020833 -0.020833 -0.020833 0.020833 0.020833 -0.020833 -0.020833 0.020833 0.020833 -0.020833 -0.020833 0.020833 0.020833 -0.020833 -0.020833 0.020833 0.020833 
0.020833 0.020833 -0.020833 -0.020833 0.020833 0.020833 -0.020833 -0.020833 0.020833 0.020833 -0.020833 -0.020833 0.020833 0.020833 -0.020833 -0.020833 0.020833 0.020833 -0.020833 -0.020833 0.020833 0.020833 -0.020833 -0.020833 -0.020833 -0.020833 0.020833 0.020833 -0.020833 -0.020833 0.020833 0.020833 -0.020833 -0.020833 0.020833 0.020833 -0.020833 -0.020833 0.020833 0.020833 -0.020833 -0.020833 0.020833 0.020833 -0.020833 -0.020833 0.020833 0.020833 
-0.020833 -0.020833 0.020833 0.020833 -0.020833 -0.020833 0.020833 0.020833 -0.020833 -0.020833 0.020833 0.020833 -0.020833 -0.020833 0.020833 0.020833 -0.020833 -0.020833 0.020833 0.020833 -0.020833 -0.020833 0.020833 0.020833 0.020833 0.020833 -0.020833 -0.020833 0.020833 0.020833 -0.020833 -0.020833 0.020833 0.020833 -0.020833 -0.020833 0.020833 0.020833 -0.020833 -0.020833 0.020833 0.020833 -0.020833 -0.020833 0.020833 0.020833 -0.020833 -0.020833 
-0.020833 -0.020833 0.020833 0.020833 -0.020833 -0.020833 0.020833 0.020833 -0.020833 -0.020833 0.020833 0.020833 -0.020833 -0.020833 0.020833 0.020833 -0.020833 -0.020833 0.020833 0.020833 -0.020833 -0.020833 0.020833 0.020833 0.020833 0.020833 -0.020833 -0.020833 0.020833 0.020833 -0.020833 -0.020833 0.020833 0.020833 -0.020833 -0.020833 0.020833 0.020833 -0.020833 -0.020833 0.020833 0.020833 -0.020833 -0.020833 0.020833 0.020833 -0.020833 -0.020833 
0.020833 0.020833 -0.020833 -0.020833 0.020833 0.020833 -0.020833 -0.020833 0.020833 0.020833 -0.020833 -0.020833 0.020833 0.020833 -0.020833 -0.020833 0.020833 0.020833 -0.020833 -0.020833 0.020833 0.020833 -0.020833 -0.020833 -0.020833 -0.020833 0.020833 0.020833 -0.020833 -0.020833 0.020833 0.020833 -0.020833 -0.020833 0.020833 0.020833 -0.020833 -0.020833 0.020833 0.020833 -0.020833 -0.020833 0.020833 0.020833 -0.020833 -0.020833 0.020833 0.020833 
0.020833 0.020833 -0.020833 -0.020833 0.020833 0.020833 -0.020833 -0.020833 0.020833 0.020833 -0.020833 -0.020833 0.020833 0.020833 -0.020833 -0.020833 0.020833 0.020833 -0.020833 -0.020833 0.020833 0.020833 -0.020833 -0.020833 -0.020833 -0.020833 0.020833 0.020833 -0.020833 -0.020833 0.020833 0.020833 -0.020833 -0.020833 0.020833 0.020833 -0.020833 -0.020833 0.020833 0.020833 -0.020833 -0.020833 0.020833 0.020833 -0.020833 -0.020833 0.020833 0.020833 
