0.041667 -0.041667 -0.000000 0.000000 0.041667 -0.041667 -0.000000 0.000000 0.041667 -0.041667 -0.000000 0.000000 0.029463 -0.029463 -0.029463 0.029463 0.029463 -0.029463 -0.029463 0.029463 0.029463 -0.029463 -0.029463 0.029463 
-0.041667 0.041667 0.000000 -0.000000 -0.041667 0.041667 0.000000 -0.000000 -0.041667 0.041667 0.000000 -0.000000 -0.029463 0.029463 0.029463 -0.029463 -0.029463 0.029463 0.029463 -0.029463 -0.029463 0.029463 0.029463 -0.029463 
0.000000 -0.000000 0.041667 -0.041667 0.000000 -0.000000 0.041667 -0.041667 0.000000 -0.000000 0.041667 -0.041667 0.029463 -0.029463 0.029463 -0.029463 0.029463 -0.029463 0.029463 -0.029463 0.029463 -0.029463 0.029463 -0.029463 
-0.000000 0.000000 -0.041667 0.041667 -0.000000 0.000000 -0.041667 0.041667 -0.000000 0.000000 -0.041667 0.041667 -0.029463 0.029463 -0.029463 0.029463 -0.029463 0.029463 -0.029463 0.029463 -0.029463 0.029463 -0.029463 0.029463 
0.041667 -0.041667 -0.000000 0.000000 0.041667 -0.041667 -0.000000 0.000000 0.041667 -0.041667 -0.000000 0.000000 0.029463 -0.029463 -0.029463 0.029463 0.029463 -0.029463 -0.029463 0.029463 0.029463 -0.029463 -0.029463 0.029463 
-0.041667 0.041667 0.000000 -0.000000 -0.041667 0.041667 0.000000 -0.000000 -0.041667 0.041667 0.000000 -0.000000 -0.029463 0.029463 0.029463 -0.029463 -0.029463 0.029463 0.029463 -0.029463 -0.029463 0.029463 0.029463 -0.029463 
0.000000 -0.000000 0.041667 -0.041667 0.000000 -0.000000 0.041667 -0.041667 0.000000 -0.000000 0.041667 -0.041667 0.029463 -0.029463 0.029463 -0.029463 0.029463 -0.029463 0.029463 -0.029463 0.029463 -0.029463 0.029463 -0.029463 
-0.000000 0.000000 -0.041667 0.041667 -0.000000 0.000000 -0.041667 0.041667 -0.000000 0.000000 -0.041667 0.041667 -0.029463 0.029463 -0.029463 0.029463 -0.029463 0.029463 -0.029463 0.029463 -0.029463 0.029463 -0.029463 0.029463 
0.041667 -0.041667 -0.000000 0.000000 0.041667 -0.041667 -0.000000 0.000000 0.041667 -0.041667 -0.000000 0.000000 0.029463 -0.029463 -0.029463 0.029463 0.029463 -0.029463 -0.029463 0.029463 0.029463 -0.029463 -0.029463 0.029463 
-0.041667 0.041667 0.000000 -0.000000 -0.041667 0.041667 0.000000 -0.000000 -0.041667 0.041667 0.000000 -0.000000 -0.029463 0.029463 0.029463 -0.029463 -0.029463 0.029463 0.029463 -0.029463 -0.029463 0.029463 0.029463 -0.029463 
0.000000 -0.000000 0.041667 -0.041667 0.000000 -0.000000 0.041667 -0.041667 0.000000 -0.000000 0.041667 -0.041667 0.029463 -0.029463 0.029463 -0.029463 0.029463 -0.029463 0.029463 -0.029463 0.029463 -0.029463 0.029463 -0.029463 
-0.000000 0.000000 -0.041667 0.041667 -0.000000 0.000000 -0.041667 0.041667 -0.000000 0.000000 -0.041667 0.041667 -0.029463 0.029463 -0.029463 0.029463 -0.029463 0.029463 -0.029463 0.029463 -0.029463 0.029463 -0.029463 0.029463 
0.029463 -0.029463 0.029463 -0.029463 0.029463 -0.029463 0.029463 -0.029463 0.029463 -0.029463 0.029463 -0.029463 0.041667 -0.041667 -0.000000 0.000000 0.041667 -0.041667 -0.000000 0.000000 0.041667 -0.041667 -0.000000 0.000000 
-0.029463 0.029463 -0.029463 0.029463 -0.029463 0.029463 -0.029463 0.029463 -0.029463 0.029463 -0.029463 0.029463 -0.041667 0.041667 0.000000 -0.000000 -0.041667 0.041667 0.000000 -0.000000 -0.041667 0.041667 0.000000 -0.000000 
-0.029463 0.029463 0.029463 -0.029463 -0.029463 0.029463 0.029463 -0.029463 -0.029463 0.029463 0.029463 -0.029463 0.000000 -0.000000 0.041667 -0.041667 0.000000 -0.000000 0.041667 -0.041667 0.000000 -0.000000 0.041667 -0.041667 
0.029463 -0.029463 -0.029463 0.029463 0.029463 -0.029463 -0.029463 0.029463 0.029463 -0.029463 -0.029463 0.029463 -0.000000 0.000000 -0.041667 0.041667 -0.000000 0.000000 -0.041667 0.041667 -0.000000 0.000000 -0.041667 0.041667 
0.029463 -0.029463 0.029463 -0.029463 0.029463 -0.029463 0.029463 -0.029463 0.029463 -0.029463 0.029463 -0.029463 0.041667 -0.041667 -0.000000 0.000000 0.041667 -0.041667 -0.000000 0.000000 0.041667 -0.041667 -0.000000 0.000000 
-0.029463 0.029463 -0.029463 0.029463 -0.029463 0.029463 -0.029463 0.029463 -0.029463 0.029463 -0.029463 0.029463 -0.041667 0.041667 0.000000 -0.000000 -0.041667 0.041667 0.000000 -0.000000 -0.041667 0.041667 0.000000 -0.000000 
-0.029463 0.029463 0.029463 -0.029463 -0.029463 0.029463 0.029463 -0.029463 -0.029463 0.029463 0.029463 -0.029463 0.000000 -0.000000 0.041667 -0.041667 0.000000 -0.000000 0.041667 -0.041667 0.000000 -0.000000 0.041667 -0.041667 
0.029463 -0.029463 -0.029463 0.029463 0.029463 -0.029463 -0.029463 0.029463 0.029463 -0.029463 -0.029463 0.029463 -0.000000 0.000000 -0.041667 0.041667 -0.000000 0.000000 -0.041667 0.041667 -0.000000 0.000000 -0.041667 0.041667 
0.029463 -0.029463 0.029463 -0.029463 0.029463 -0.029463 0.029463 -0.029463 0.029463 -0.029463 0.029463 -0.029463 0.041667 -0.041667 -0.000000 0.000000 0.041667 -0.041667 -0.000000 0.000000 0.041667 -0.041667 -0.000000 0.000000 
-0.029463 0.029463 -0.029463 0.029463 -0.029463 0.029463 -0.029463 0.029463 -0.029463 0.029463 -0.029463 0.029463 -0.041667 0.041667 0.000000 -0.000000 -0.041667 0.041667 0.000000 -0.000000 -0.041667 0.041667 0.000000 -0.000000 
-0.029463 0.029463 0.029463 -0.029463 -0.029463 0.029463 0.029463 -0.029463 -0.029463 0.029463 0.029463 -0.029463 0.000000 -0.000000 0.041667 -0.041667 0.000000 -0.000000 0.041667 -0.041667 0.000000 -0.000000 0.041667 -0.041667 
0.029463 -0.029463 -0.029463 0.029463 0.029463 -0.029463 -0.029463 0.029463 0.029463 -0.029463 -0.029463 0.029463 -0.000000 0.000000 -0.041667 0.041667 -0.000000 0.000000 -0.041667 0.041667 -0.000000 0.000000 -0.041667 0.041667 
